waypoints:
- latitude: 44.393327
  longitude: 8.947071
  yaw: 0.0
- latitude: 44.393494
  longitude: 8.947053
  yaw: 0.0
- latitude: 44.393491
  longitude: 8.947288
  yaw: 0.0
- latitude: 44.393335
  longitude: 8.947318
  yaw: 0.0
